3512
3515
3514
3513
3516
3517
3519
3518
3520
3523
3522
3521
3524
3527
3526
3525
3528
3531
3530
3529
3532
3535
3534
3533
3536
3537
3539
3538
3540
3543
3542
3541
3544
3547
3546
3545
3548
3549
3550
3551
3552
3555
3554
3553
3556
3557
3560
3559
3558
3561
3564
3563
3562
3565
3566
3567
3570
3569
3568
3571
3574
3573
3572
3575
3578
3577
3576
3579
3582
3581
3580
3583
3585
3584
3586
3587
3590
3589
3588
3591
3594
3593
3592
3595
3597
3596
3598
3600
3599
3601
3602
3603
3606
3605
3604
3607
3608
3609
3610
3611
3613
3612
3615
3614
3617
3616
3618
3621
3620
3619
3622
3625
3624
3623
3626
3629
3628
3627
3630
3633
3632
3631
3634
3637
3636
3635
3638
3641
3640
3639
3643
3642
3644
3646
3645
3647
3648
3651
3650
3649
3652
3653
3654
3655
3658
3657
3656
3659
3661
3660
3662
3665
3664
3663
3666
3667
3669
3668
3670
3673
3672
3671
3674
3677
3676
3675
3678
3681
3680
3679
3683
3682
3685
3684
3687
3686
3688
3689
3690
3693
3692
3691
3694
3695
3696
3699
3698
3697
3700
3703
3702
3701
3705
3704
3706
3707
3708
3709
3711
3710
3712
3715
3714
3713
3716
3717
3718
3721
3720
3719
3722
3725
3724
3723
3726
3729
3728
3727
3730
3731
3732
3733
3734
3736
3735
3737
3738
3739
3740
3743
3742
3741
3744
3747
3746
3745
3748
3751
3750
3749
3752
3754
3753
3755
3756
3757
3758
3759
3760
3762
3761
3763
3766
3765
3764
3767
3769
3768
3770
3771
3772
3773
3776
3775
3774
3777
3778
3779
3780
3782
3781
3784
3783
3785
3786
3787
3789
3788
3790
3793
3792
3791
3794
3795
3796
3797
3798
3801
3800
3799
3802
3803
3806
3805
3804
3807
3808
3809
3810
3811
3812
3813
302
303
3815
3814
3816
3819
3818
3817
3820
3823
3822
3821
3824
3826
3825
3828
3827
3829
3831
3830
3832
3833
3835
3834
3836
3837
3838
329
330
331
332
3840
3839
335
336
3841
3842
3843
3844
3847
3846
3845
3848
3850
3849
3851
3854
3853
3852
3856
3855
3857
3860
3859
3858
3861
3862
3863
3865
3864
3866
3869
3868
3867
3870
3873
3872
3871
3874
3877
3876
3875
3880
3879
3878
3881
3884
3883
3882
3886
3885
3887
384
385
3889
3888
3890
3891
3892
3893
3894
3895
3896
3897
3898
3899
3900
3902
3901
3903
3906
3905
3904
3908
3907
3909
408
409
410
411
412
413
414
3911
3910
3912
3915
3914
3913
3916
3917
3918
3919
3920
3921
3922
3923
3924
3925
3927
3926
3928
3929
3930
3931
3933
3932
439
3934
3935
3937
3936
444
445
446
3938
3941
3940
3939
3942
3943
3944
3946
3945
3947
457
3948
3949
460
3950
3951
463
3952
3955
3954
3953
3956
3959
3958
3957
3960
3961
3963
3962
3965
3964
3967
3966
3969
3968
3971
3970
3972
3973
3975
3974
3977
3976
3979
3978
3981
3980
3983
3982
3985
3984
3986
3987
3988
3991
3990
3989
3994
3993
3992
3995
3997
3996
3998
3999
4000
4001
4002
4003
4004
4005
4007
4006
4008
4009
4010
4011
4012
4013
4014
4015
4016
4017
4018
4019
4022
4021
4020
4024
4023
4026
4025
4027
4028
4029
4030
4031
4032
4035
4034
4033
4038
4037
4036
4039
4040
4041
4042
4045
4044
4043
4046
4047
4049
4048
4050
4051
4052
4054
4053
4055
4056
4057
4058
4061
4060
4059
4063
4062
4064
4065
4068
4067
4066
4069
4070
4071
4072
4075
4074
4073
4076
4079
4078
4077
4080
4081
4082
4085
4084
4083
4086
4089
4088
4087
4090
4093
4092
4091
4094
4097
4096
4095
4098
4101
4100
4099
4102
4105
4104
4103
4106
4109
4108
4107
4110
4113
4112
4111
4114
4117
4116
4115
4118
4121
4120
4119
4122
4125
4124
4123
4126
4129
4128
4127
4130
4133
4132
4131
4134
4135
4136
4139
4138
4137
4141
4140
4142
4145
4144
4143
4146
4149
4148
4147
4150
4153
4152
4151
4154
4155
4156
4159
4158
4157
4160
4163
4162
4161
4164
4165
4166
4167
4168
4171
4170
4169
4172
4175
4174
4173
4176
4178
4177
4179
4180
4181
4182
4183
4186
4185
4184
4188
4187
4189
4190
4191
4192
4193
4194
4197
4196
4195
4199
4198
4200
4203
4202
4201
4204
4207
4206
4205
4208
4209
4210
4213
4212
4211
4214
4217
4216
4215
4218
4221
4220
4219
4222
4223
4225
4224
4226
4229
4228
4227
4230
4232
4231
4233
4236
4235
4234
4237
4240
4239
4238
4241
4244
4243
4242
4245
4248
4247
4246
4249
4252
4251
4250
4253
4256
4255
4254
4257
4260
4259
4258
4261
4264
4263
4262
4265
4268
4267
4266
4269
4271
4270
4272
4275
4274
4273
4276
4277
4278
4281
4280
4279
4283
4282
4284
4287
4286
4285
4288
4289
4290
4291
4294
4293
4292
4295
4298
4297
4296
4299
4302
4301
4300
4304
4303
4305
4306
4308
4307
4309
4311
4310
4312
4313
4314
4315
828
829
4317
4316
4318
4321
4320
4319
4322
4325
4324
4323
4326
4329
4328
4327
4331
4330
4332
4333
4336
4335
4334
4337
4340
4339
4338
4341
4343
4342
4344
4347
4346
4345
4348
4351
4350
4349
4352
4355
4354
4353
4357
4356
4359
4358
4360
4363
4362
4361
4364
4367
4366
4365
4368
4371
4370
4369
4373
4372
4374
4376
4375
4377
4380
4379
4378
4382
4381
4383
4386
4385
4384
4387
4389
4388
4391
4390
4392
4393
4394
4397
4396
4395
4398
4401
4400
4399
4403
4402
4406
4405
4404
4407
4410
4409
4408
4412
4411
4413
4415
4414
4416
4417
4418
4419
4422
4421
4420
4423
4424
4425
4426
4427
4429
4428
4430
4431
4434
4433
4432
4435
4438
4437
4436
4439
4442
4441
4440
4443
4444
4447
4446
4445
4448
4450
4449
4451
4454
4453
4452
4455
4458
4457
4456
4459
4460
4461
4464
4463
4462
4465
4466
4468
4467
4469
4470
4472
4471
4473
4476
4475
4474
4477
4480
4479
4478
4481
4484
4483
4482
4485
4488
4487
4486
4489
4492
4491
4490
4494
4493
4496
4495
4497
4498
4499
4502
4501
4500
4503
4506
4505
4504
4508
4507
4510
4509
4511
4512
4513
4514
4515
4518
4517
4516
4519
4520
4521
4523
4522
4524
4526
4525
4528
4527
4529
4532
4531
4530
4533
4534
4536
4535
4537
4539
4538
4540
4541
4542
4545
4544
4543
4546
4549
4548
4547
4551
4550
4552
4553
4555
4554
4556
4557
4559
4558
4560
4563
4562
4561
4565
4564
4567
4566
4568
4571
4570
4569
4572
4575
4574
4573
4576
4579
4578
4577
4580
4583
4582
4581
4584
4587
4586
4585
4588
4589
4590
4593
4592
4591
4594
4597
4596
4595
4598
4601
4600
4599
4602
4604
4603
4607
4606
4605
4609
4608
4610
4613
4612
4611
4614
4617
4616
4615
4618
4620
4619
4621
4622
4623
4626
4625
4624
4627
4628
4629
4630
4631
4633
4632
4634
4635
4636
4637
4639
4638
4640
4641
4643
4642
4644
4645
4648
4647
4646
4649
4652
4651
4650
4653
4654
4656
4655
4657
4660
4659
4658
4661
4663
4662
4664
4666
4665
4667
4669
4668
4670
4673
4672
4671
4675
4674
4676
4679
4678
4677
4680
4681
4683
4682
4684
4685
4688
4687
4686
4689
4690
4692
4691
4693
1208
1209
1210
4694
4695
4697
4696
4698
4701
4700
4699
4702
4703
4704
4706
4705
4707
4710
4709
4708
4712
4711
4713
4714
4717
4716
4715
4718
4719
4720
4721
4724
4723
4722
4725
4728
4727
4726
4730
4729
4731
4734
4733
4732
4735
4736
4737
4740
4739
4738
4741
4744
4743
4742
4746
4745
4747
4750
4749
4748
4751
4752
4753
4756
4755
4754
4757
4758
4759
4760
1278
4762
4761
4764
4763
4765
4768
4767
4766
4770
4769
4771
4774
4773
4772
4775
4778
4777
4776
4779
4780
4781
4782
4783
4786
4785
4784
1305
1306
4787
4788
4789
4790
4791
4792
4793
4795
4794
4796
4798
4797
4799
4800
4801
4802
4804
4803
1325
1326
4806
4805
1329
1330
4807
4808
4811
4810
4809
4812
4813
4814
4815
4816
4819
4818
4817
4821
4820
4822
4823
4824
4825
4826
4828
4827
1353
4829
4830
4833
4832
4831
4835
4834
4836
4837
1363
1364
4838
4839
4840
4841
4842
4843
4844
4845
4846
4848
4847
4849
4852
4851
4850
4853
4856
4855
4854
4857
4859
4858
4860
4863
4862
4861
4864
4867
4866
4865
4868
4871
4870
4869
4873
4872
4874
4877
4876
4875
4878
4881
4880
4879
4882
4885
4884
4883
4887
4886
4888
4889
4890
4892
4891
4893
4894
4896
4895
4898
4897
4899
4900
4902
4901
4903
4906
4905
4904
4907
4910
4909
4908
4911
4914
4913
4912
4915
4918
4917
4916
4920
4919
4922
4921
4923
4925
4924
4926
4927
4929
4928
4930
4933
4932
4931
4935
4934
4936
4937
4938
4940
4939
4942
4941
4943
4944
4945
4946
4947
4948
1476
4950
4949
4952
4951
4954
4953
4955
4958
4957
4956
4959
4962
4961
4960
4964
4963
4965
4968
4967
4966
4969
4970
4971
4972
4973
4974
4976
4975
4978
4977
4979
4980
4982
4981
4983
4985
4984
4986
1515
4987
4989
4988
4990
4991
4992
4993
4994
4995
4996
4998
4997
4999
5001
5000
5002
5003
5004
5005
5006
5007
5008
5009
1539
1540
5010
5011
5012
5013
5014
5015
5018
5017
5016
5019
5020
5021
5024
5023
5022
5025
5028
5027
5026
5029
5032
5031
5030
5033
5036
5035
5034
5037
5040
5039
5038
5041
5044
5043
5042
5046
5045
5047
5050
5049
5048
5051
5054
5053
5052
5055
5057
5056
5058
5061
5060
5059
5062
5065
5064
5063
5066
5067
5068
5071
5070
5069
5072
5075
5074
5073
5077
5076
5078
5081
5080
5079
5082
5085
5084
5083
5086
5087
5088
5091
5090
5089
5092
5095
5094
5093
5096
5099
5098
5097
5100
5103
5102
5101
5104
5107
5106
5105
5108
5111
5110
5109
5112
5113
5114
5117
5116
5115
5118
5121
5120
5119
5122
5125
5124
5123
5126
5129
5128
5127
5131
5130
5132
5134
5133
5135
5136
5139
5138
5137
5140
5141
5143
5142
5144
5147
5146
5145
5148
5149
5150
5151
5153
5152
5154
5157
5156
5155
5159
5158
5161
5160
5162
5163
5164
5165
5167
5166
5168
5171
5170
5169
5172
5175
5174
5173
5176
5177
5178
5181
5180
5179
5182
5183
5184
5185
5186
5189
5188
5187
5190
5191
5192
5193
5194
5195
5196
5197
5198
5199
5200
5202
5201
5203
5204
5205
5206
5207
5209
5208
5210
5211
5212
5213
5216
5215
5214
5218
5217
5219
5220
5221
5222
1754
1755
5223
5224
5225
5227
5226
5229
5228
5230
5231
5232
5233
5234
1768
1769
5235
5236
5237
5239
5238
5240
5241
5242
5243
5244
5247
5246
5245
1783
1784
5248
5249
5252
5251
5250
5253
5255
5254
5257
5256
5259
5258
5260
5261
5262
5264
5263
5266
5265
5268
5267
1806
1807
5269
5270
5272
5271
5273
5276
5275
5274
5277
5278
5279
5281
5280
5282
5285
5284
5283
5286
5289
5288
5287
5290
5293
5292
5291
5294
5295
5296
5297
5298
5300
5299
5301
5302
5305
5304
5303
5306
5309
5308
5307
5310
5311
5314
5313
5312
5315
5318
5317
5316
5319
5320
5321
5322
5325
5324
5323
5327
5326
5328
5329
5330
5331
5332
5334
5333
5335
5336
5339
5338
5337
5340
5341
5342
5344
5343
5345
5348
5347
5346
5350
5349
5351
5352
5353
5354
5356
5355
5358
5357
5359
5360
5361
5362
5364
5363
5365
5367
5366
5369
5368
5370
5371
5372
5374
5373
5375
5376
5377
5378
5379
5382
5381
5380
5383
5385
5384
5387
5386
5388
5391
5390
5389
5392
5395
5394
5393
5396
5399
5398
5397
5400
5403
5402
5401
5404
5406
5405
5409
5408
5407
5410
5413
5412
5411
5414
5416
5415
5417
5418
5419
5420
5421
5424
5423
5422
5425
5427
5426
5428
5429
5430
5431
5432
5433
5436
5435
5434
5437
5439
5438
5440
5441
5442
5445
5444
5443
5446
5449
5448
5447
5450
5451
5452
5454
5453
5455
5457
5456
5458
5461
5460
5459
5462
5465
5464
5463
5466
5469
5468
5467
5470
5473
5472
5471
5474
5477
5476
5475
5478
5481
5480
5479
5482
5484
5483
5485
5486
5487
5488
5491
5490
5489
5492
5495
5494
5493
5496
5497
5498
5501
5500
5499
5503
5502
5504
5507
5506
5505
5508
5511
5510
5509
5512
5515
5514
5513
5516
5519
5518
5517
5521
5520
5522
5525
5524
5523
5526
5527
5528
5529
5531
5530
5532
5533
5534
5535
5536
5537
5538
5541
5540
5539
5542
5545
5544
5543
5546
5547
5548
5549
5550
5551
5554
5553
5552
5555
5557
5556
5558
5560
5559
5561
5562
5564
5563
5565
5566
5567
5569
5568
5570
5572
5571
5573
5574
5577
5576
5575
5580
5579
5578
5582
5581
5583
5584
5587
5586
5585
5588
5591
5590
5589
5593
5592
5594
5596
5595
5597
5599
5598
5600
5603
5602
5601
5605
5604
5607
5606
5608
5609
5610
5611
5612
5613
5616
5615
5614
5617
5620
5619
5618
5621
5624
5623
5622
5625
5626
5627
5630
5629
5628
5631
5633
5632
5636
5635
5634
5637
5638
5640
5639
5641
5642
5643
5646
5645
5644
5647
5648
5649
5652
5651
5650
5653
5655
5654
5656
5658
5657
5659
5660
5661
5662
5663
5664
5665
5666
5668
5667
5669
5670
5672
5671
5674
5673
5675
5676
5679
5678
5677
5680
5681
5682
5683
5684
5686
5685
5688
5687
5689
5690
5691
5692
5694
5693
5695
5696
5697
5699
5698
5701
5700
5702
5703
5704
5705
5706
5708
5707
5709
5710
5711
5714
5713
5712
5715
5716
5717
5718
5719
5721
5720
5722
5724
5723
5726
5725
5728
5727
5729
5730
5731
5732
5734
5733
5735
5736
5738
5737
5739
5740
5741
5742
5743
5744
5745
5746
5747
5748
5749
5750
5751
5754
5753
5752
5755
5757
5756
5758
5759
5760
5761
5762
5763
5764
5765
5766
5769
5768
5767
5771
5770
5773
5772
5776
5775
5774
5777
5778
5779
5782
5781
5780
5783
5784
5785
5786
5787
5788
5789
5790
5791
5793
5792
5794
5795
5796
5797
5798
5799
5801
5800
5802
5803
5804
5805
5806
5807
5808
5809
5810
5811
5812
5813
5814
5815
5817
5816
5818
5821
5820
5819
5822
5825
5824
5823
5826
5827
5828
5831
5830
5829
5833
5832
5835
5834
5836
5839
5838
5837
5841
5840
5842
5843
5846
5845
5844
5847
5848
5849
5850
5851
5852
5855
5854
5853
5856
5857
5859
5858
5860
5861
5863
5862
5864
5865
5866
5867
5869
5868
5870
5871
5872
5873
5874
5875
5876
5877
5878
5881
5880
5879
5883
5882
5885
5884
5888
5887
5886
5889
5891
5890
5892
5893
5894
5895
5896
5897
5898
5899
5900
5901
5903
5902
5904
5906
5905
5907
5908
5909
5910
5911
5913
5912
5914
5915
5916
5917
5918
5919
5920
5921
5922
5923
5924
5925
5926
5927
5929
5928
5930
5933
5932
5931
5934
5937
5936
5935
5938
5939
5940
5943
5942
5941
5945
5944
5946
5949
5948
5947
5951
5950
5952
5953
5956
5955
5954
5957
5958
5959
5960
5961
5962
5965
5964
5963
5966
5967
5969
5968
5970
5971
5972
5974
5973
5975
5976
5977
5978
5980
5979
5981
5982
5983
5984
5985
5986
5987
5988
5989
5992
5991
5990
5994
5993
5996
5995
5999
5998
5997
6000
6002
6001
6003
6004
6005
6006
6007
6008
6009
6010
6011
6012
6014
6013
6015
6017
6016
6018
6019
6020
6021
6022
6024
6023
6025
6026
6027
6028
6029
6030
6031
6032
6033
6034
6035
6036
6037
6038
6040
6039
6041
6042
6045
6044
6043
6046
6049
6048
6047
6050
6051
6052
6055
6054
6053
6056
6059
6058
6057
6061
6060
6062
6065
6064
6063
6066
6069
6068
6067
6070
6071
6074
6073
6072
6075
6076
6077
6078
6079
6080
6083
6082
6081
6084
6085
6087
6086
6088
6089
6091
6090
6092
6093
6094
6095
6097
6096
6098
6099
6100
6101
6102
6103
6104
6105
6106
6109
6108
6107
6111
6110
6113
6112
6116
6115
6114
6117
6119
6118
6120
6121
6122
6123
6124
6125
6126
6127
6128
6129
6131
6130
6132
6134
6133
6135
6136
6137
6138
6139
6141
6140
6142
6143
6144
6145
6146
6147
6148
6149
6150
6151
6152
6153
6154
6155
6157
6156
6158
6159
6160
6162
6161
6163
6165
6164
6166
6167
6168
6170
6169
6171
6172
6173
6174
6175
6176
6177
6178
6179
6182
6181
6180
6184
6183
6186
6185
6188
6187
6189
6190
6191
6192
6193
6194
6195
6196
6197
6198
6199
6200
6201
6202
6204
6203
6205
6207
6206
6208
6209
6210
6211
6212
6214
6213
6215
6216
6217
6218
6219
6220
6221
6222
6223
6224
6225
6226
6227
6228
6230
6229
6231
6232
6233
6234
6235
6236
6237
6238
6239
6241
6240
6243
6242
6245
6244
6247
6246
6249
6248
6250
6252
6251
6254
6253
6255
6256
6258
6257
6259
6261
6260
6263
6262
6265
6264
6266
6267
6268
6270
6269
6271
6272
6273
6274
6275
6276
6277
6278
6279
6281
6280
6282
6283
6284
6285
6286
6287
6288
6290
6289
6292
6291
6293
6294
6297
6296
6295
6299
6298
6300
6301
6302
6303
6305
6304
6306
6307
6308
6309
6311
6310
6312
6313
6316
6315
6314
6317
6318
6319
6320
6321
6322
6323
6324
6325
6327
6326
6328
6329
6330
6332
6331
6333
6334
6335
6337
6336
2877
2878
6339
6338
6340
6341
6342
6343
6344
6345
6346
6347
6348
6349
6350
6353
6352
6351
6354
6355
6356
6357
6358
6359
6360
6361
6362
6363
6364
6366
6365
6367
6368
6371
6370
6369
6373
6372
6375
6374
6377
6376
6378
6380
6379
6382
6381
6383
6384
6386
6385
6389
6388
6387
6390
6391
6392
6393
6396
6395
6394
6397
6400
6399
6398
6401
6402
6403
6404
6405
6406
6407
6408
6409
6410
6411
6412
6413
6414
6415
6416
6418
6417
6420
6419
6421
6422
6423
6424
6426
6425
6427
6428
6430
6429
6431
6432
6433
6436
6435
6434
6437
6438
6440
6439
6441
6442
6443
6444
6446
6445
6447
6448
6449
6450
6451
6452
6453
6454
6455
6456
6457
6458
6459
6460
6461
6462
6463
6464
6465
6466
6467
6468
6469
6470
3012
6471
3014
3015
3016
3017
6474
6473
6472
3021
3022
3023
3024
6475
6476
3027
3028
3029
6477
6480
6479
6478
6481
6484
6483
6482
6486
6485
6488
6487
6489
6490
6491
6492
6493
6494
6495
3049
3050
3051
3052
3053
3054
3055
3056
3057
3058
3059
3060
6497
6496
6498
6500
6499
6501
6502
3068
3069
3070
3071
3072
3073
3074
6503
3076
3077
3078
3079
6504
6505
6507
6506
6509
6508
6510
6511
6513
6512
6514
6515
6516
6518
6517
6519
6520
6521
6523
6522
6524
6525
3102
6526
6528
6527
6529
6532
6531
6530
6534
6533
6535
6536
6537
6538
6540
6539
6541
3119
3120
6542
6544
6543
6545
6546
6548
6547
6549
6550
6551
6553
6552
6554
6555
6556
6557
6558
6559
6560
6561
3141
6562
6564
6563
3145
3146
6565
3148
3149
6567
6566
6569
6568
6570
6571
6573
6572
3158
3159
3160
3161
3162
3163
3164
3165
3166
3167
3168
3169
3170
3171
3172
3173
6574
6577
6576
6575
6578
6579
6580
6583
6582
6581
6584
6585
6588
6587
6586
6589
6590
6591
6592
6593
6594
6595
6597
6596
6598
6599
6600
6601
6602
6603
6604
6606
6605
6607
6608
6609
6610
6611
6614
6613
6612
6615
6618
6617
6616
6619
6622
6621
6620
6623
6626
6625
6624
6627
6630
6629
6628
6631
6634
6633
6632
6635
6638
6637
6636
6640
6639
6641
6642
6643
6646
6645
6644
6648
6647
6649
6652
6651
6650
6653
6654
6655
6658
6657
6656
6659
6662
6661
6660
6663
6664
6665
6666
6667
6670
6669
6668
6672
6671
6673
6676
6675
6674
6678
6677
6679
6682
6681
6680
6684
6683
6685
6688
6687
6686
6690
6689
6692
6691
6693
6694
6695
6696
6697
6698
6699
6701
6700
6702
6703
6704
6705
6706
6707
6708
6709
6711
6710
6712
6713
6714
6716
6715
6717
6718
6720
6719
6721
6723
6722
6724
6726
6725
6728
6727
6729
6731
6730
6733
6732
6734
6735
6736
6739
6738
6737
6741
6740
6743
6742
6745
6744
6747
6746
6749
6748
6750
6751
6752
6753
6754
6755
6756
6757
6758
6759
6760
6761
6762
6763
6764
6765
6766
6767
6768
6769
6770
6771
6772
6774
6773
6775
6778
6777
6776
6779
6780
6781
6782
6785
6784
6783
6787
6786
6788
6789
6790
6791
6792
6793
6795
6794
6796
6797
6798
6799
6800
6801
6802
6803
6805
6804
6806
6807
6808
6810
6809
6812
6811
6814
6813
6815
6816
6817
6818
6819
6820
6821
6822
6823
6824
6826
6825
6827
6828
6829
6830
6831
6832
6833
6834
6835
6836
6837
6838
6839
6840
6841
6842
6843
6844
6845
6846
6847
6848
6849
6850
6851
6852
6853
6854
6855
6856
6857
6858
6859
6860
6861
6862
6864
6863
6865
6866
6867
6868
6869
3470
3471
6871
6870
6872
6873
6874
6875
6876
6877
6878
3481
3482
6879
3484
6880
6881
6882
6883
6884
6885
6886
6887
6888
6889
3495
3496
3497
3498
3499
3500
3501
3502
3503
3504
3505
3506
3507
3508
3509
3510
3511
0
3
2
1
4
5
7
6
8
11
10
9
12
15
14
13
16
19
18
17
20
23
22
21
24
25
27
26
28
31
30
29
32
35
34
33
36
37
38
39
40
43
42
41
44
45
48
47
46
49
52
51
50
53
54
55
58
57
56
59
62
61
60
63
66
65
64
67
70
69
68
71
73
72
74
75
78
77
76
79
82
81
80
83
85
84
86
88
87
89
90
91
94
93
92
95
96
97
98
99
101
100
103
102
105
104
106
109
108
107
110
113
112
111
114
117
116
115
118
121
120
119
122
125
124
123
126
129
128
127
131
130
132
134
133
135
136
139
138
137
140
141
142
143
146
145
144
147
149
148
150
153
152
151
154
155
157
156
158
161
160
159
162
165
164
163
166
169
168
167
171
170
173
172
175
174
176
177
178
181
180
179
182
183
184
187
186
185
188
191
190
189
193
192
194
195
196
197
199
198
200
203
202
201
204
205
206
209
208
207
210
213
212
211
214
217
216
215
218
219
220
221
222
224
223
225
226
227
228
231
230
229
232
235
234
233
236
239
238
237
240
242
241
243
244
245
246
247
248
250
249
251
254
253
252
255
257
256
258
259
260
261
264
263
262
265
266
267
268
270
269
272
271
273
274
275
277
276
278
281
280
279
282
283
284
285
286
289
288
287
290
291
294
293
292
295
296
297
298
299
300
301
305
304
306
309
308
307
310
313
312
311
314
316
315
318
317
319
321
320
322
323
325
324
326
327
328
334
333
337
338
339
340
343
342
341
344
346
345
347
350
349
348
352
351
353
356
355
354
357
358
359
361
360
362
365
364
363
366
369
368
367
370
373
372
371
376
375
374
377
380
379
378
382
381
383
387
386
388
389
390
391
392
393
394
395
396
397
398
400
399
401
404
403
402
406
405
407
416
415
417
420
419
418
421
422
423
424
425
426
427
428
429
430
432
431
433
434
435
436
438
437
440
441
443
442
447
450
449
448
451
452
453
455
454
456
458
459
461
462
464
467
466
465
468
471
470
469
472
473
475
474
477
476
479
478
481
480
483
482
484
485
487
486
489
488
491
490
493
492
495
494
497
496
498
499
500
503
502
501
506
505
504
507
509
508
510
511
512
513
514
515
516
517
519
518
520
521
522
523
524
525
526
527
528
529
530
531
534
533
532
536
535
538
537
539
540
541
542
543
544
547
546
545
550
549
548
551
552
553
554
557
556
555
558
559
561
560
562
563
564
566
565
567
568
569
570
573
572
571
575
574
576
577
580
579
578
581
582
583
584
587
586
585
588
591
590
589
592
593
594
597
596
595
598
601
600
599
602
605
604
603
606
609
608
607
610
613
612
611
614
617
616
615
618
621
620
619
622
625
624
623
626
629
628
627
630
633
632
631
634
637
636
635
638
641
640
639
642
645
644
643
646
647
648
651
650
649
653
652
654
657
656
655
658
661
660
659
662
665
664
663
666
667
668
671
670
669
672
675
674
673
676
677
678
679
680
683
682
681
684
687
686
685
688
690
689
691
692
693
694
695
698
697
696
700
699
701
702
703
704
705
706
709
708
707
711
710
712
715
714
713
716
719
718
717
720
721
722
725
724
723
726
729
728
727
730
733
732
731
734
735
737
736
738
741
740
739
742
744
743
745
748
747
746
749
752
751
750
753
756
755
754
757
760
759
758
761
764
763
762
765
768
767
766
769
772
771
770
773
776
775
774
777
780
779
778
781
783
782
784
787
786
785
788
789
790
793
792
791
795
794
796
799
798
797
800
801
802
803
806
805
804
807
810
809
808
811
814
813
812
816
815
817
818
820
819
821
823
822
824
825
826
827
831
830
832
835
834
833
836
839
838
837
840
843
842
841
845
844
846
847
850
849
848
851
854
853
852
855
857
856
858
861
860
859
862
865
864
863
866
869
868
867
871
870
873
872
874
877
876
875
878
881
880
879
882
885
884
883
887
886
888
890
889
891
894
893
892
896
895
897
900
899
898
901
903
902
905
904
906
907
908
911
910
909
912
915
914
913
917
916
920
919
918
921
924
923
922
926
925
927
929
928
930
931
932
933
936
935
934
937
938
939
940
941
943
942
944
945
948
947
946
949
952
951
950
953
956
955
954
957
958
961
960
959
962
964
963
965
968
967
966
969
972
971
970
973
974
975
978
977
976
979
980
982
981
983
984
986
985
987
990
989
988
991
994
993
992
995
998
997
996
999
1002
1001
1000
1003
1006
1005
1004
1008
1007
1010
1009
1011
1012
1013
1016
1015
1014
1017
1020
1019
1018
1022
1021
1024
1023
1025
1026
1027
1028
1029
1032
1031
1030
1033
1034
1035
1037
1036
1038
1040
1039
1042
1041
1043
1046
1045
1044
1047
1048
1050
1049
1051
1053
1052
1054
1055
1056
1059
1058
1057
1060
1063
1062
1061
1065
1064
1066
1067
1069
1068
1070
1071
1073
1072
1074
1077
1076
1075
1079
1078
1081
1080
1082
1085
1084
1083
1086
1089
1088
1087
1090
1093
1092
1091
1094
1097
1096
1095
1098
1101
1100
1099
1102
1103
1104
1107
1106
1105
1108
1111
1110
1109
1112
1115
1114
1113
1116
1118
1117
1121
1120
1119
1123
1122
1124
1127
1126
1125
1128
1131
1130
1129
1132
1134
1133
1135
1136
1137
1140
1139
1138
1141
1142
1143
1144
1145
1147
1146
1148
1149
1150
1151
1153
1152
1154
1155
1157
1156
1158
1159
1162
1161
1160
1163
1166
1165
1164
1167
1168
1170
1169
1171
1174
1173
1172
1175
1177
1176
1178
1180
1179
1181
1183
1182
1184
1187
1186
1185
1189
1188
1190
1193
1192
1191
1194
1195
1197
1196
1198
1199
1202
1201
1200
1203
1204
1206
1205
1207
1211
1212
1214
1213
1215
1218
1217
1216
1219
1220
1221
1223
1222
1224
1227
1226
1225
1229
1228
1230
1231
1234
1233
1232
1235
1236
1237
1238
1241
1240
1239
1242
1245
1244
1243
1247
1246
1248
1251
1250
1249
1252
1253
1254
1257
1256
1255
1258
1261
1260
1259
1263
1262
1264
1267
1266
1265
1268
1269
1270
1273
1272
1271
1274
1275
1276
1277
1280
1279
1282
1281
1283
1286
1285
1284
1288
1287
1289
1292
1291
1290
1293
1296
1295
1294
1297
1298
1299
1300
1301
1304
1303
1302
1307
1308
1309
1310
1311
1312
1313
1315
1314
1316
1318
1317
1319
1320
1321
1322
1324
1323
1328
1327
1331
1332
1335
1334
1333
1336
1337
1338
1339
1340
1343
1342
1341
1345
1344
1346
1347
1348
1349
1350
1352
1351
1354
1355
1358
1357
1356
1360
1359
1361
1362
1365
1366
1367
1368
1369
1370
1371
1372
1373
1375
1374
1376
1379
1378
1377
1380
1383
1382
1381
1384
1386
1385
1387
1390
1389
1388
1391
1394
1393
1392
1395
1398
1397
1396
1400
1399
1401
1404
1403
1402
1405
1408
1407
1406
1409
1412
1411
1410
1414
1413
1415
1416
1417
1419
1418
1420
1421
1423
1422
1425
1424
1426
1427
1429
1428
1430
1433
1432
1431
1434
1437
1436
1435
1438
1441
1440
1439
1442
1445
1444
1443
1447
1446
1449
1448
1450
1452
1451
1453
1454
1456
1455
1457
1460
1459
1458
1462
1461
1463
1464
1465
1467
1466
1469
1468
1470
1471
1472
1473
1474
1475
1478
1477
1480
1479
1482
1481
1483
1486
1485
1484
1487
1490
1489
1488
1492
1491
1493
1496
1495
1494
1497
1498
1499
1500
1501
1502
1504
1503
1506
1505
1507
1508
1510
1509
1511
1513
1512
1514
1516
1518
1517
1519
1520
1521
1522
1523
1524
1525
1527
1526
1528
1530
1529
1531
1532
1533
1534
1535
1536
1537
1538
1541
1542
1543
1544
1545
1546
1549
1548
1547
1550
1551
1552
1555
1554
1553
1556
1559
1558
1557
1560
1563
1562
1561
1564
1567
1566
1565
1568
1571
1570
1569
1572
1575
1574
1573
1577
1576
1578
1581
1580
1579
1582
1585
1584
1583
1586
1588
1587
1589
1592
1591
1590
1593
1596
1595
1594
1597
1598
1599
1602
1601
1600
1603
1606
1605
1604
1608
1607
1609
1612
1611
1610
1613
1616
1615
1614
1617
1618
1619
1622
1621
1620
1623
1626
1625
1624
1627
1630
1629
1628
1631
1634
1633
1632
1635
1638
1637
1636
1639
1642
1641
1640
1643
1644
1645
1648
1647
1646
1649
1652
1651
1650
1653
1656
1655
1654
1657
1660
1659
1658
1662
1661
1663
1665
1664
1666
1667
1670
1669
1668
1671
1672
1674
1673
1675
1678
1677
1676
1679
1680
1681
1682
1684
1683
1685
1688
1687
1686
1690
1689
1692
1691
1693
1694
1695
1696
1698
1697
1699
1702
1701
1700
1703
1706
1705
1704
1707
1708
1709
1712
1711
1710
1713
1714
1715
1716
1717
1720
1719
1718
1721
1722
1723
1724
1725
1726
1727
1728
1729
1730
1731
1733
1732
1734
1735
1736
1737
1738
1740
1739
1741
1742
1743
1744
1747
1746
1745
1749
1748
1750
1751
1752
1753
1756
1757
1758
1760
1759
1762
1761
1763
1764
1765
1766
1767
1770
1771
1772
1774
1773
1775
1776
1777
1778
1779
1782
1781
1780
1785
1786
1789
1788
1787
1790
1792
1791
1794
1793
1796
1795
1797
1798
1799
1801
1800
1803
1802
1805
1804
1808
1809
1811
1810
1812
1815
1814
1813
1816
1817
1818
1820
1819
1821
1824
1823
1822
1825
1828
1827
1826
1829
1832
1831
1830
1833
1834
1835
1836
1837
1839
1838
1840
1841
1844
1843
1842
1845
1848
1847
1846
1849
1850
1853
1852
1851
1854
1857
1856
1855
1858
1859
1860
1861
1864
1863
1862
1866
1865
1867
1868
1869
1870
1871
1873
1872
1874
1875
1878
1877
1876
1879
1880
1881
1883
1882
1884
1887
1886
1885
1889
1888
1890
1891
1892
1893
1895
1894
1897
1896
1898
1899
1900
1901
1903
1902
1904
1906
1905
1908
1907
1909
1910
1911
1913
1912
1914
1915
1916
1917
1918
1921
1920
1919
1922
1924
1923
1926
1925
1927
1930
1929
1928
1931
1934
1933
1932
1935
1938
1937
1936
1939
1942
1941
1940
1943
1945
1944
1948
1947
1946
1949
1952
1951
1950
1953
1955
1954
1956
1957
1958
1959
1960
1963
1962
1961
1964
1966
1965
1967
1968
1969
1970
1971
1972
1975
1974
1973
1976
1978
1977
1979
1980
1981
1984
1983
1982
1985
1988
1987
1986
1989
1990
1991
1993
1992
1994
1996
1995
1997
2000
1999
1998
2001
2004
2003
2002
2005
2008
2007
2006
2009
2012
2011
2010
2013
2016
2015
2014
2017
2020
2019
2018
2021
2023
2022
2024
2025
2026
2027
2030
2029
2028
2031
2034
2033
2032
2035
2036
2037
2040
2039
2038
2042
2041
2043
2046
2045
2044
2047
2050
2049
2048
2051
2054
2053
2052
2055
2058
2057
2056
2060
2059
2061
2064
2063
2062
2065
2066
2067
2068
2070
2069
2071
2072
2073
2074
2075
2076
2077
2080
2079
2078
2081
2084
2083
2082
2085
2086
2087
2088
2089
2090
2093
2092
2091
2094
2096
2095
2097
2099
2098
2100
2101
2103
2102
2104
2105
2106
2108
2107
2109
2111
2110
2112
2113
2116
2115
2114
2119
2118
2117
2121
2120
2122
2123
2126
2125
2124
2127
2130
2129
2128
2132
2131
2133
2135
2134
2136
2138
2137
2139
2142
2141
2140
2144
2143
2146
2145
2147
2148
2149
2150
2151
2152
2155
2154
2153
2156
2159
2158
2157
2160
2163
2162
2161
2164
2165
2166
2169
2168
2167
2170
2172
2171
2175
2174
2173
2176
2177
2179
2178
2180
2181
2182
2185
2184
2183
2186
2187
2188
2191
2190
2189
2192
2194
2193
2195
2197
2196
2198
2199
2200
2201
2202
2203
2204
2205
2207
2206
2208
2209
2211
2210
2213
2212
2214
2215
2218
2217
2216
2219
2220
2221
2222
2223
2225
2224
2227
2226
2228
2229
2230
2231
2233
2232
2234
2235
2236
2238
2237
2240
2239
2241
2242
2243
2244
2245
2247
2246
2248
2249
2250
2253
2252
2251
2254
2255
2256
2257
2258
2260
2259
2261
2263
2262
2265
2264
2267
2266
2268
2269
2270
2271
2273
2272
2274
2275
2277
2276
2278
2279
2280
2281
2282
2283
2284
2285
2286
2287
2288
2289
2290
2293
2292
2291
2294
2296
2295
2297
2298
2299
2300
2301
2302
2303
2304
2305
2308
2307
2306
2310
2309
2312
2311
2315
2314
2313
2316
2317
2318
2321
2320
2319
2322
2323
2324
2325
2326
2327
2328
2329
2330
2332
2331
2333
2334
2335
2336
2337
2338
2340
2339
2341
2342
2343
2344
2345
2346
2347
2348
2349
2350
2351
2352
2353
2354
2356
2355
2357
2360
2359
2358
2361
2364
2363
2362
2365
2366
2367
2370
2369
2368
2372
2371
2374
2373
2375
2378
2377
2376
2380
2379
2381
2382
2385
2384
2383
2386
2387
2388
2389
2390
2391
2394
2393
2392
2395
2396
2398
2397
2399
2400
2402
2401
2403
2404
2405
2406
2408
2407
2409
2410
2411
2412
2413
2414
2415
2416
2417
2420
2419
2418
2422
2421
2424
2423
2427
2426
2425
2428
2430
2429
2431
2432
2433
2434
2435
2436
2437
2438
2439
2440
2442
2441
2443
2445
2444
2446
2447
2448
2449
2450
2452
2451
2453
2454
2455
2456
2457
2458
2459
2460
2461
2462
2463
2464
2465
2466
2468
2467
2469
2472
2471
2470
2473
2476
2475
2474
2477
2478
2479
2482
2481
2480
2484
2483
2485
2488
2487
2486
2490
2489
2491
2492
2495
2494
2493
2496
2497
2498
2499
2500
2501
2504
2503
2502
2505
2506
2508
2507
2509
2510
2511
2513
2512
2514
2515
2516
2517
2519
2518
2520
2521
2522
2523
2524
2525
2526
2527
2528
2531
2530
2529
2533
2532
2535
2534
2538
2537
2536
2539
2541
2540
2542
2543
2544
2545
2546
2547
2548
2549
2550
2551
2553
2552
2554
2556
2555
2557
2558
2559
2560
2561
2563
2562
2564
2565
2566
2567
2568
2569
2570
2571
2572
2573
2574
2575
2576
2577
2579
2578
2580
2581
2584
2583
2582
2585
2588
2587
2586
2589
2590
2591
2594
2593
2592
2595
2598
2597
2596
2600
2599
2601
2604
2603
2602
2605
2608
2607
2606
2609
2610
2613
2612
2611
2614
2615
2616
2617
2618
2619
2622
2621
2620
2623
2624
2626
2625
2627
2628
2630
2629
2631
2632
2633
2634
2636
2635
2637
2638
2639
2640
2641
2642
2643
2644
2645
2648
2647
2646
2650
2649
2652
2651
2655
2654
2653
2656
2658
2657
2659
2660
2661
2662
2663
2664
2665
2666
2667
2668
2670
2669
2671
2673
2672
2674
2675
2676
2677
2678
2680
2679
2681
2682
2683
2684
2685
2686
2687
2688
2689
2690
2691
2692
2693
2694
2696
2695
2697
2698
2699
2701
2700
2702
2704
2703
2705
2706
2707
2709
2708
2710
2711
2712
2713
2714
2715
2716
2717
2718
2721
2720
2719
2723
2722
2725
2724
2727
2726
2728
2729
2730
2731
2732
2733
2734
2735
2736
2737
2738
2739
2740
2741
2743
2742
2744
2746
2745
2747
2748
2749
2750
2751
2753
2752
2754
2755
2756
2757
2758
2759
2760
2761
2762
2763
2764
2765
2766
2767
2769
2768
2770
2771
2772
2773
2774
2775
2776
2777
2778
2780
2779
2782
2781
2784
2783
2786
2785
2788
2787
2789
2791
2790
2793
2792
2794
2795
2797
2796
2798
2800
2799
2802
2801
2804
2803
2805
2806
2807
2809
2808
2810
2811
2812
2813
2814
2815
2816
2817
2818
2820
2819
2821
2822
2823
2824
2825
2826
2827
2829
2828
2831
2830
2832
2833
2836
2835
2834
2838
2837
2839
2840
2841
2842
2844
2843
2845
2846
2847
2848
2850
2849
2851
2852
2855
2854
2853
2856
2857
2858
2859
2860
2861
2862
2863
2864
2866
2865
2867
2868
2869
2871
2870
2872
2873
2874
2876
2875
2880
2879
2881
2882
2883
2884
2885
2886
2887
2888
2889
2890
2891
2894
2893
2892
2895
2896
2897
2898
2899
2900
2901
2902
2903
2904
2905
2907
2906
2908
2909
2912
2911
2910
2914
2913
2916
2915
2918
2917
2919
2921
2920
2923
2922
2924
2925
2927
2926
2930
2929
2928
2931
2932
2933
2934
2937
2936
2935
2938
2941
2940
2939
2942
2943
2944
2945
2946
2947
2948
2949
2950
2951
2952
2953
2954
2955
2956
2957
2959
2958
2961
2960
2962
2963
2964
2965
2967
2966
2968
2969
2971
2970
2972
2973
2974
2977
2976
2975
2978
2979
2981
2980
2982
2983
2984
2985
2987
2986
2988
2989
2990
2991
2992
2993
2994
2995
2996
2997
2998
2999
3000
3001
3002
3003
3004
3005
3006
3007
3008
3009
3010
3011
3013
3020
3019
3018
3025
3026
3030
3033
3032
3031
3034
3037
3036
3035
3039
3038
3041
3040
3042
3043
3044
3045
3046
3047
3048
3062
3061
3063
3065
3064
3066
3067
3075
3080
3081
3083
3082
3085
3084
3086
3087
3089
3088
3090
3091
3092
3094
3093
3095
3096
3097
3099
3098
3100
3101
3103
3105
3104
3106
3109
3108
3107
3111
3110
3112
3113
3114
3115
3117
3116
3118
3121
3123
3122
3124
3125
3127
3126
3128
3129
3130
3132
3131
3133
3134
3135
3136
3137
3138
3139
3140
3142
3144
3143
3147
3151
3150
3153
3152
3154
3155
3157
3156
3174
3177
3176
3175
3178
3179
3180
3183
3182
3181
3184
3185
3188
3187
3186
3189
3190
3191
3192
3193
3194
3195
3197
3196
3198
3199
3200
3201
3202
3203
3204
3206
3205
3207
3208
3209
3210
3211
3214
3213
3212
3215
3218
3217
3216
3219
3222
3221
3220
3223
3226
3225
3224
3227
3230
3229
3228
3231
3234
3233
3232
3235
3238
3237
3236
3240
3239
3241
3242
3243
3246
3245
3244
3248
3247
3249
3252
3251
3250
3253
3254
3255
3258
3257
3256
3259
3262
3261
3260
3263
3264
3265
3266
3267
3270
3269
3268
3272
3271
3273
3276
3275
3274
3278
3277
3279
3282
3281
3280
3284
3283
3285
3288
3287
3286
3290
3289
3292
3291
3293
3294
3295
3296
3297
3298
3299
3301
3300
3302
3303
3304
3305
3306
3307
3308
3309
3311
3310
3312
3313
3314
3316
3315
3317
3318
3320
3319
3321
3323
3322
3324
3326
3325
3328
3327
3329
3331
3330
3333
3332
3334
3335
3336
3339
3338
3337
3341
3340
3343
3342
3345
3344
3347
3346
3349
3348
3350
3351
3352
3353
3354
3355
3356
3357
3358
3359
3360
3361
3362
3363
3364
3365
3366
3367
3368
3369
3370
3371
3372
3374
3373
3375
3378
3377
3376
3379
3380
3381
3382
3385
3384
3383
3387
3386
3388
3389
3390
3391
3392
3393
3395
3394
3396
3397
3398
3399
3400
3401
3402
3403
3405
3404
3406
3407
3408
3410
3409
3412
3411
3414
3413
3415
3416
3417
3418
3419
3420
3421
3422
3423
3424
3426
3425
3427
3428
3429
3430
3431
3432
3433
3434
3435
3436
3437
3438
3439
3440
3441
3442
3443
3444
3445
3446
3447
3448
3449
3450
3451
3452
3453
3454
3455
3456
3457
3458
3459
3460
3461
3462
3464
3463
3465
3466
3467
3468
3469
3473
3472
3474
3475
3476
3477
3478
3479
3480
3483
3485
3486
3487
3488
3489
3490
3491
3492
3493
3494