     0      2      3
     1     99     98
     0      3      4
     1    100     99
     0      4      5
     1    101    100
     0      5      6
     1    102    101
     0      6      7
     1    103    102
     0      7      8
     1    104    103
     0      8      9
     1    105    104
     0      9     10
     1    106    105
     0     10     11
     1    107    106
     0     11     12
     1    108    107
     0     12     13
     1    109    108
     0     13     14
     1    110    109
     0     14     15
     1    111    110
     0     15     16
     1    112    111
     0     16     17
     1    113    112
     0     17      2
     1     98    113
    18      3      2
    18     19      3
    19      4      3
    19     20      4
    20      5      4
    20     21      5
    21      6      5
    21     22      6
    22      7      6
    22     23      7
    23      8      7
    23     24      8
    24      9      8
    24     25      9
    25     10      9
    25     26     10
    26     11     10
    26     27     11
    27     12     11
    27     28     12
    28     13     12
    28     29     13
    29     14     13
    29     30     14
    30     15     14
    30     31     15
    31     16     15
    31     32     16
    32     17     16
    32     33     17
    33      2     17
    33     18      2
    34     19     18
    34     35     19
    35     20     19
    35     36     20
    36     21     20
    36     37     21
    37     22     21
    37     38     22
    38     23     22
    38     39     23
    39     24     23
    39     40     24
    40     25     24
    40     41     25
    41     26     25
    41     42     26
    42     27     26
    42     43     27
    43     28     27
    43     44     28
    44     29     28
    44     45     29
    45     30     29
    45     46     30
    46     31     30
    46     47     31
    47     32     31
    47     48     32
    48     33     32
    48     49     33
    49     18     33
    49     34     18
    50     35     34
    50     51     35
    51     36     35
    51     52     36
    52     37     36
    52     53     37
    53     38     37
    53     54     38
    54     39     38
    54     55     39
    55     40     39
    55     56     40
    56     41     40
    56     57     41
    57     42     41
    57     58     42
    58     43     42
    58     59     43
    59     44     43
    59     60     44
    60     45     44
    60     61     45
    61     46     45
    61     62     46
    62     47     46
    62     63     47
    63     48     47
    63     64     48
    64     49     48
    64     65     49
    65     34     49
    65     50     34
    66     51     50
    66     67     51
    67     52     51
    67     68     52
    68     53     52
    68     69     53
    69     54     53
    69     70     54
    70     55     54
    70     71     55
    71     56     55
    71     72     56
    72     57     56
    72     73     57
    73     58     57
    73     74     58
    74     59     58
    74     75     59
    75     60     59
    75     76     60
    76     61     60
    76     77     61
    77     62     61
    77     78     62
    78     63     62
    78     79     63
    79     64     63
    79     80     64
    80     65     64
    80     81     65
    81     50     65
    81     66     50
    82     67     66
    82     83     67
    83     68     67
    83     84     68
    84     69     68
    84     85     69
    85     70     69
    85     86     70
    86     71     70
    86     87     71
    87     72     71
    87     88     72
    88     73     72
    88     89     73
    89     74     73
    89     90     74
    90     75     74
    90     91     75
    91     76     75
    91     92     76
    92     77     76
    92     93     77
    93     78     77
    93     94     78
    94     79     78
    94     95     79
    95     80     79
    95     96     80
    96     81     80
    96     97     81
    97     66     81
    97     82     66
    98     83     82
    98     99     83
    99     84     83
    99    100     84
   100     85     84
   100    101     85
   101     86     85
   101    102     86
   102     87     86
   102    103     87
   103     88     87
   103    104     88
   104     89     88
   104    105     89
   105     90     89
   105    106     90
   106     91     90
   106    107     91
   107     92     91
   107    108     92
   108     93     92
   108    109     93
   109     94     93
   109    110     94
   110     95     94
   110    111     95
   111     96     95
   111    112     96
   112     97     96
   112    113     97
   113     82     97
   113     98     82
