     0      2      3
     1     19     18
     0      3      4
     1     20     19
     0      4      5
     1     21     20
     0      5      6
     1     22     21
     0      6      7
     1     23     22
     0      7      8
     1     24     23
     0      8      9
     1     25     24
     0      9      2
     1     18     25
    10      3      2
    10     11      3
    11      4      3
    11     12      4
    12      5      4
    12     13      5
    13      6      5
    13     14      6
    14      7      6
    14     15      7
    15      8      7
    15     16      8
    16      9      8
    16     17      9
    17      2      9
    17     10      2
    18     11     10
    18     19     11
    19     12     11
    19     20     12
    20     13     12
    20     21     13
    21     14     13
    21     22     14
    22     15     14
    22     23     15
    23     16     15
    23     24     16
    24     17     16
    24     25     17
    25     10     17
    25     18     10
