  0.000   0.000   1.000
  0.000   0.000  -1.000
  0.383   0.000   0.924
  0.354   0.146   0.924
  0.271   0.271   0.924
  0.146   0.354   0.924
  0.000   0.383   0.924
 -0.146   0.354   0.924
 -0.271   0.271   0.924
 -0.354   0.146   0.924
 -0.383   0.000   0.924
 -0.354  -0.146   0.924
 -0.271  -0.271   0.924
 -0.146  -0.354   0.924
 -0.000  -0.383   0.924
  0.146  -0.354   0.924
  0.271  -0.271   0.924
  0.354  -0.146   0.924
  0.707   0.000   0.707
  0.653   0.271   0.707
  0.500   0.500   0.707
  0.271   0.653   0.707
  0.000   0.707   0.707
 -0.271   0.653   0.707
 -0.500   0.500   0.707
 -0.653   0.271   0.707
 -0.707   0.000   0.707
 -0.653  -0.271   0.707
 -0.500  -0.500   0.707
 -0.271  -0.653   0.707
 -0.000  -0.707   0.707
  0.271  -0.653   0.707
  0.500  -0.500   0.707
  0.653  -0.271   0.707
  0.924   0.000   0.383
  0.854   0.354   0.383
  0.653   0.653   0.383
  0.354   0.854   0.383
  0.000   0.924   0.383
 -0.354   0.854   0.383
 -0.653   0.653   0.383
 -0.854   0.354   0.383
 -0.924   0.000   0.383
 -0.854  -0.354   0.383
 -0.653  -0.653   0.383
 -0.354  -0.854   0.383
 -0.000  -0.924   0.383
  0.354  -0.854   0.383
  0.653  -0.653   0.383
  0.854  -0.354   0.383
  1.000   0.000   0.000
  0.924   0.383   0.000
  0.707   0.707   0.000
  0.383   0.924   0.000
  0.000   1.000   0.000
 -0.383   0.924   0.000
 -0.707   0.707   0.000
 -0.924   0.383   0.000
 -1.000   0.000   0.000
 -0.924  -0.383   0.000
 -0.707  -0.707   0.000
 -0.383  -0.924   0.000
 -0.000  -1.000   0.000
  0.383  -0.924   0.000
  0.707  -0.707   0.000
  0.924  -0.383   0.000
  0.924   0.000  -0.383
  0.854   0.354  -0.383
  0.653   0.653  -0.383
  0.354   0.854  -0.383
  0.000   0.924  -0.383
 -0.354   0.854  -0.383
 -0.653   0.653  -0.383
 -0.854   0.354  -0.383
 -0.924   0.000  -0.383
 -0.854  -0.354  -0.383
 -0.653  -0.653  -0.383
 -0.354  -0.854  -0.383
 -0.000  -0.924  -0.383
  0.354  -0.854  -0.383
  0.653  -0.653  -0.383
  0.854  -0.354  -0.383
  0.707   0.000  -0.707
  0.653   0.271  -0.707
  0.500   0.500  -0.707
  0.271   0.653  -0.707
  0.000   0.707  -0.707
 -0.271   0.653  -0.707
 -0.500   0.500  -0.707
 -0.653   0.271  -0.707
 -0.707   0.000  -0.707
 -0.653  -0.271  -0.707
 -0.500  -0.500  -0.707
 -0.271  -0.653  -0.707
 -0.000  -0.707  -0.707
  0.271  -0.653  -0.707
  0.500  -0.500  -0.707
  0.653  -0.271  -0.707
  0.383   0.000  -0.924
  0.354   0.146  -0.924
  0.271   0.271  -0.924
  0.146   0.354  -0.924
  0.000   0.383  -0.924
 -0.146   0.354  -0.924
 -0.271   0.271  -0.924
 -0.354   0.146  -0.924
 -0.383   0.000  -0.924
 -0.354  -0.146  -0.924
 -0.271  -0.271  -0.924
 -0.146  -0.354  -0.924
 -0.000  -0.383  -0.924
  0.146  -0.354  -0.924
  0.271  -0.271  -0.924
  0.354  -0.146  -0.924
