  0.000   0.000   1.000
  0.000   0.000  -1.000
  0.707   0.000   0.707
  0.500   0.500   0.707
  0.000   0.707   0.707
 -0.500   0.500   0.707
 -0.707   0.000   0.707
 -0.500  -0.500   0.707
 -0.000  -0.707   0.707
  0.500  -0.500   0.707
  1.000   0.000   0.000
  0.707   0.707   0.000
  0.000   1.000   0.000
 -0.707   0.707   0.000
 -1.000   0.000   0.000
 -0.707  -0.707   0.000
 -0.000  -1.000   0.000
  0.707  -0.707   0.000
  0.707   0.000  -0.707
  0.500   0.500  -0.707
  0.000   0.707  -0.707
 -0.500   0.500  -0.707
 -0.707   0.000  -0.707
 -0.500  -0.500  -0.707
 -0.000  -0.707  -0.707
  0.500  -0.500  -0.707
