0.000 0.000 1.000
0.000 0.000 -1.000
0.156 0.000 0.988
0.155 0.024 0.988
0.149 0.048 0.988
0.139 0.071 0.988
0.127 0.092 0.988
0.111 0.111 0.988
0.092 0.127 0.988
0.071 0.139 0.988
0.048 0.149 0.988
0.024 0.155 0.988
0.000 0.156 0.988
-0.024 0.155 0.988
-0.048 0.149 0.988
-0.071 0.139 0.988
-0.092 0.127 0.988
-0.111 0.111 0.988
-0.127 0.092 0.988
-0.139 0.071 0.988
-0.149 0.048 0.988
-0.155 0.024 0.988
-0.156 0.000 0.988
-0.155 -0.024 0.988
-0.149 -0.048 0.988
-0.139 -0.071 0.988
-0.127 -0.092 0.988
-0.111 -0.111 0.988
-0.092 -0.127 0.988
-0.071 -0.139 0.988
-0.048 -0.149 0.988
-0.024 -0.155 0.988
-0.000 -0.156 0.988
0.024 -0.155 0.988
0.048 -0.149 0.988
0.071 -0.139 0.988
0.092 -0.127 0.988
0.111 -0.111 0.988
0.127 -0.092 0.988
0.139 -0.071 0.988
0.149 -0.048 0.988
0.155 -0.024 0.988
0.309 0.000 0.951
0.305 0.048 0.951
0.294 0.095 0.951
0.275 0.140 0.951
0.250 0.182 0.951
0.219 0.219 0.951
0.182 0.250 0.951
0.140 0.275 0.951
0.095 0.294 0.951
0.048 0.305 0.951
0.000 0.309 0.951
-0.048 0.305 0.951
-0.095 0.294 0.951
-0.140 0.275 0.951
-0.182 0.250 0.951
-0.219 0.219 0.951
-0.250 0.182 0.951
-0.275 0.140 0.951
-0.294 0.095 0.951
-0.305 0.048 0.951
-0.309 0.000 0.951
-0.305 -0.048 0.951
-0.294 -0.095 0.951
-0.275 -0.140 0.951
-0.250 -0.182 0.951
-0.219 -0.219 0.951
-0.182 -0.250 0.951
-0.140 -0.275 0.951
-0.095 -0.294 0.951
-0.048 -0.305 0.951
-0.000 -0.309 0.951
0.048 -0.305 0.951
0.095 -0.294 0.951
0.140 -0.275 0.951
0.182 -0.250 0.951
0.219 -0.219 0.951
0.250 -0.182 0.951
0.275 -0.140 0.951
0.294 -0.095 0.951
0.305 -0.048 0.951
0.454 0.000 0.891
0.448 0.071 0.891
0.432 0.140 0.891
0.405 0.206 0.891
0.367 0.267 0.891
0.321 0.321 0.891
0.267 0.367 0.891
0.206 0.405 0.891
0.140 0.432 0.891
0.071 0.448 0.891
0.000 0.454 0.891
-0.071 0.448 0.891
-0.140 0.432 0.891
-0.206 0.405 0.891
-0.267 0.367 0.891
-0.321 0.321 0.891
-0.367 0.267 0.891
-0.405 0.206 0.891
-0.432 0.140 0.891
-0.448 0.071 0.891
-0.454 0.000 0.891
-0.448 -0.071 0.891
-0.432 -0.140 0.891
-0.405 -0.206 0.891
-0.367 -0.267 0.891
-0.321 -0.321 0.891
-0.267 -0.367 0.891
-0.206 -0.405 0.891
-0.140 -0.432 0.891
-0.071 -0.448 0.891
-0.000 -0.454 0.891
0.071 -0.448 0.891
0.140 -0.432 0.891
0.206 -0.405 0.891
0.267 -0.367 0.891
0.321 -0.321 0.891
0.367 -0.267 0.891
0.405 -0.206 0.891
0.432 -0.140 0.891
0.448 -0.071 0.891
0.588 0.000 0.809
0.581 0.092 0.809
0.559 0.182 0.809
0.524 0.267 0.809
0.476 0.345 0.809
0.416 0.416 0.809
0.345 0.476 0.809
0.267 0.524 0.809
0.182 0.559 0.809
0.092 0.581 0.809
0.000 0.588 0.809
-0.092 0.581 0.809
-0.182 0.559 0.809
-0.267 0.524 0.809
-0.345 0.476 0.809
-0.416 0.416 0.809
-0.476 0.345 0.809
-0.524 0.267 0.809
-0.559 0.182 0.809
-0.581 0.092 0.809
-0.588 0.000 0.809
-0.581 -0.092 0.809
-0.559 -0.182 0.809
-0.524 -0.267 0.809
-0.476 -0.345 0.809
-0.416 -0.416 0.809
-0.345 -0.476 0.809
-0.267 -0.524 0.809
-0.182 -0.559 0.809
-0.092 -0.581 0.809
-0.000 -0.588 0.809
0.092 -0.581 0.809
0.182 -0.559 0.809
0.267 -0.524 0.809
0.345 -0.476 0.809
0.416 -0.416 0.809
0.476 -0.345 0.809
0.524 -0.267 0.809
0.559 -0.182 0.809
0.581 -0.092 0.809
0.707 0.000 0.707
0.698 0.111 0.707
0.672 0.219 0.707
0.630 0.321 0.707
0.572 0.416 0.707
0.500 0.500 0.707
0.416 0.572 0.707
0.321 0.630 0.707
0.219 0.672 0.707
0.111 0.698 0.707
0.000 0.707 0.707
-0.111 0.698 0.707
-0.219 0.672 0.707
-0.321 0.630 0.707
-0.416 0.572 0.707
-0.500 0.500 0.707
-0.572 0.416 0.707
-0.630 0.321 0.707
-0.672 0.219 0.707
-0.698 0.111 0.707
-0.707 0.000 0.707
-0.698 -0.111 0.707
-0.672 -0.219 0.707
-0.630 -0.321 0.707
-0.572 -0.416 0.707
-0.500 -0.500 0.707
-0.416 -0.572 0.707
-0.321 -0.630 0.707
-0.219 -0.672 0.707
-0.111 -0.698 0.707
-0.000 -0.707 0.707
0.111 -0.698 0.707
0.219 -0.672 0.707
0.321 -0.630 0.707
0.416 -0.572 0.707
0.500 -0.500 0.707
0.572 -0.416 0.707
0.630 -0.321 0.707
0.672 -0.219 0.707
0.698 -0.111 0.707
0.809 0.000 0.588
0.799 0.127 0.588
0.769 0.250 0.588
0.721 0.367 0.588
0.655 0.476 0.588
0.572 0.572 0.588
0.476 0.655 0.588
0.367 0.721 0.588
0.250 0.769 0.588
0.127 0.799 0.588
0.000 0.809 0.588
-0.127 0.799 0.588
-0.250 0.769 0.588
-0.367 0.721 0.588
-0.476 0.655 0.588
-0.572 0.572 0.588
-0.655 0.476 0.588
-0.721 0.367 0.588
-0.769 0.250 0.588
-0.799 0.127 0.588
-0.809 0.000 0.588
-0.799 -0.127 0.588
-0.769 -0.250 0.588
-0.721 -0.367 0.588
-0.655 -0.476 0.588
-0.572 -0.572 0.588
-0.476 -0.655 0.588
-0.367 -0.721 0.588
-0.250 -0.769 0.588
-0.127 -0.799 0.588
-0.000 -0.809 0.588
0.127 -0.799 0.588
0.250 -0.769 0.588
0.367 -0.721 0.588
0.476 -0.655 0.588
0.572 -0.572 0.588
0.655 -0.476 0.588
0.721 -0.367 0.588
0.769 -0.250 0.588
0.799 -0.127 0.588
0.891 0.000 0.454
0.880 0.139 0.454
0.847 0.275 0.454
0.794 0.405 0.454
0.721 0.524 0.454
0.630 0.630 0.454
0.524 0.721 0.454
0.405 0.794 0.454
0.275 0.847 0.454
0.139 0.880 0.454
0.000 0.891 0.454
-0.139 0.880 0.454
-0.275 0.847 0.454
-0.405 0.794 0.454
-0.524 0.721 0.454
-0.630 0.630 0.454
-0.721 0.524 0.454
-0.794 0.405 0.454
-0.847 0.275 0.454
-0.880 0.139 0.454
-0.891 0.000 0.454
-0.880 -0.139 0.454
-0.847 -0.275 0.454
-0.794 -0.405 0.454
-0.721 -0.524 0.454
-0.630 -0.630 0.454
-0.524 -0.721 0.454
-0.405 -0.794 0.454
-0.275 -0.847 0.454
-0.139 -0.880 0.454
-0.000 -0.891 0.454
0.139 -0.880 0.454
0.275 -0.847 0.454
0.405 -0.794 0.454
0.524 -0.721 0.454
0.630 -0.630 0.454
0.721 -0.524 0.454
0.794 -0.405 0.454
0.847 -0.275 0.454
0.880 -0.139 0.454
0.951 0.000 0.309
0.939 0.149 0.309
0.905 0.294 0.309
0.847 0.432 0.309
0.769 0.559 0.309
0.672 0.672 0.309
0.559 0.769 0.309
0.432 0.847 0.309
0.294 0.905 0.309
0.149 0.939 0.309
0.000 0.951 0.309
-0.149 0.939 0.309
-0.294 0.905 0.309
-0.432 0.847 0.309
-0.559 0.769 0.309
-0.672 0.672 0.309
-0.769 0.559 0.309
-0.847 0.432 0.309
-0.905 0.294 0.309
-0.939 0.149 0.309
-0.951 0.000 0.309
-0.939 -0.149 0.309
-0.905 -0.294 0.309
-0.847 -0.432 0.309
-0.769 -0.559 0.309
-0.672 -0.672 0.309
-0.559 -0.769 0.309
-0.432 -0.847 0.309
-0.294 -0.905 0.309
-0.149 -0.939 0.309
-0.000 -0.951 0.309
0.149 -0.939 0.309
0.294 -0.905 0.309
0.432 -0.847 0.309
0.559 -0.769 0.309
0.672 -0.672 0.309
0.769 -0.559 0.309
0.847 -0.432 0.309
0.905 -0.294 0.309
0.939 -0.149 0.309
0.988 0.000 0.156
0.976 0.155 0.156
0.939 0.305 0.156
0.880 0.448 0.156
0.799 0.581 0.156
0.698 0.698 0.156
0.581 0.799 0.156
0.448 0.880 0.156
0.305 0.939 0.156
0.155 0.976 0.156
0.000 0.988 0.156
-0.155 0.976 0.156
-0.305 0.939 0.156
-0.448 0.880 0.156
-0.581 0.799 0.156
-0.698 0.698 0.156
-0.799 0.581 0.156
-0.880 0.448 0.156
-0.939 0.305 0.156
-0.976 0.155 0.156
-0.988 0.000 0.156
-0.976 -0.155 0.156
-0.939 -0.305 0.156
-0.880 -0.448 0.156
-0.799 -0.581 0.156
-0.698 -0.698 0.156
-0.581 -0.799 0.156
-0.448 -0.880 0.156
-0.305 -0.939 0.156
-0.155 -0.976 0.156
-0.000 -0.988 0.156
0.155 -0.976 0.156
0.305 -0.939 0.156
0.448 -0.880 0.156
0.581 -0.799 0.156
0.698 -0.698 0.156
0.799 -0.581 0.156
0.880 -0.448 0.156
0.939 -0.305 0.156
0.976 -0.155 0.156
1.000 0.000 0.000
0.988 0.156 0.000
0.951 0.309 0.000
0.891 0.454 0.000
0.809 0.588 0.000
0.707 0.707 0.000
0.588 0.809 0.000
0.454 0.891 0.000
0.309 0.951 0.000
0.156 0.988 0.000
0.000 1.000 0.000
-0.156 0.988 0.000
-0.309 0.951 0.000
-0.454 0.891 0.000
-0.588 0.809 0.000
-0.707 0.707 0.000
-0.809 0.588 0.000
-0.891 0.454 0.000
-0.951 0.309 0.000
-0.988 0.156 0.000
-1.000 0.000 0.000
-0.988 -0.156 0.000
-0.951 -0.309 0.000
-0.891 -0.454 0.000
-0.809 -0.588 0.000
-0.707 -0.707 0.000
-0.588 -0.809 0.000
-0.454 -0.891 0.000
-0.309 -0.951 0.000
-0.156 -0.988 0.000
-0.000 -1.000 0.000
0.156 -0.988 0.000
0.309 -0.951 0.000
0.454 -0.891 0.000
0.588 -0.809 0.000
0.707 -0.707 0.000
0.809 -0.588 0.000
0.891 -0.454 0.000
0.951 -0.309 0.000
0.988 -0.156 0.000
0.988 0.000 -0.156
0.976 0.155 -0.156
0.939 0.305 -0.156
0.880 0.448 -0.156
0.799 0.581 -0.156
0.698 0.698 -0.156
0.581 0.799 -0.156
0.448 0.880 -0.156
0.305 0.939 -0.156
0.155 0.976 -0.156
0.000 0.988 -0.156
-0.155 0.976 -0.156
-0.305 0.939 -0.156
-0.448 0.880 -0.156
-0.581 0.799 -0.156
-0.698 0.698 -0.156
-0.799 0.581 -0.156
-0.880 0.448 -0.156
-0.939 0.305 -0.156
-0.976 0.155 -0.156
-0.988 0.000 -0.156
-0.976 -0.155 -0.156
-0.939 -0.305 -0.156
-0.880 -0.448 -0.156
-0.799 -0.581 -0.156
-0.698 -0.698 -0.156
-0.581 -0.799 -0.156
-0.448 -0.880 -0.156
-0.305 -0.939 -0.156
-0.155 -0.976 -0.156
-0.000 -0.988 -0.156
0.155 -0.976 -0.156
0.305 -0.939 -0.156
0.448 -0.880 -0.156
0.581 -0.799 -0.156
0.698 -0.698 -0.156
0.799 -0.581 -0.156
0.880 -0.448 -0.156
0.939 -0.305 -0.156
0.976 -0.155 -0.156
0.951 0.000 -0.309
0.939 0.149 -0.309
0.905 0.294 -0.309
0.847 0.432 -0.309
0.769 0.559 -0.309
0.672 0.672 -0.309
0.559 0.769 -0.309
0.432 0.847 -0.309
0.294 0.905 -0.309
0.149 0.939 -0.309
0.000 0.951 -0.309
-0.149 0.939 -0.309
-0.294 0.905 -0.309
-0.432 0.847 -0.309
-0.559 0.769 -0.309
-0.672 0.672 -0.309
-0.769 0.559 -0.309
-0.847 0.432 -0.309
-0.905 0.294 -0.309
-0.939 0.149 -0.309
-0.951 0.000 -0.309
-0.939 -0.149 -0.309
-0.905 -0.294 -0.309
-0.847 -0.432 -0.309
-0.769 -0.559 -0.309
-0.672 -0.672 -0.309
-0.559 -0.769 -0.309
-0.432 -0.847 -0.309
-0.294 -0.905 -0.309
-0.149 -0.939 -0.309
-0.000 -0.951 -0.309
0.149 -0.939 -0.309
0.294 -0.905 -0.309
0.432 -0.847 -0.309
0.559 -0.769 -0.309
0.672 -0.672 -0.309
0.769 -0.559 -0.309
0.847 -0.432 -0.309
0.905 -0.294 -0.309
0.939 -0.149 -0.309
0.891 0.000 -0.454
0.880 0.139 -0.454
0.847 0.275 -0.454
0.794 0.405 -0.454
0.721 0.524 -0.454
0.630 0.630 -0.454
0.524 0.721 -0.454
0.405 0.794 -0.454
0.275 0.847 -0.454
0.139 0.880 -0.454
0.000 0.891 -0.454
-0.139 0.880 -0.454
-0.275 0.847 -0.454
-0.405 0.794 -0.454
-0.524 0.721 -0.454
-0.630 0.630 -0.454
-0.721 0.524 -0.454
-0.794 0.405 -0.454
-0.847 0.275 -0.454
-0.880 0.139 -0.454
-0.891 0.000 -0.454
-0.880 -0.139 -0.454
-0.847 -0.275 -0.454
-0.794 -0.405 -0.454
-0.721 -0.524 -0.454
-0.630 -0.630 -0.454
-0.524 -0.721 -0.454
-0.405 -0.794 -0.454
-0.275 -0.847 -0.454
-0.139 -0.880 -0.454
-0.000 -0.891 -0.454
0.139 -0.880 -0.454
0.275 -0.847 -0.454
0.405 -0.794 -0.454
0.524 -0.721 -0.454
0.630 -0.630 -0.454
0.721 -0.524 -0.454
0.794 -0.405 -0.454
0.847 -0.275 -0.454
0.880 -0.139 -0.454
0.809 0.000 -0.588
0.799 0.127 -0.588
0.769 0.250 -0.588
0.721 0.367 -0.588
0.655 0.476 -0.588
0.572 0.572 -0.588
0.476 0.655 -0.588
0.367 0.721 -0.588
0.250 0.769 -0.588
0.127 0.799 -0.588
0.000 0.809 -0.588
-0.127 0.799 -0.588
-0.250 0.769 -0.588
-0.367 0.721 -0.588
-0.476 0.655 -0.588
-0.572 0.572 -0.588
-0.655 0.476 -0.588
-0.721 0.367 -0.588
-0.769 0.250 -0.588
-0.799 0.127 -0.588
-0.809 0.000 -0.588
-0.799 -0.127 -0.588
-0.769 -0.250 -0.588
-0.721 -0.367 -0.588
-0.655 -0.476 -0.588
-0.572 -0.572 -0.588
-0.476 -0.655 -0.588
-0.367 -0.721 -0.588
-0.250 -0.769 -0.588
-0.127 -0.799 -0.588
-0.000 -0.809 -0.588
0.127 -0.799 -0.588
0.250 -0.769 -0.588
0.367 -0.721 -0.588
0.476 -0.655 -0.588
0.572 -0.572 -0.588
0.655 -0.476 -0.588
0.721 -0.367 -0.588
0.769 -0.250 -0.588
0.799 -0.127 -0.588
0.707 0.000 -0.707
0.698 0.111 -0.707
0.672 0.219 -0.707
0.630 0.321 -0.707
0.572 0.416 -0.707
0.500 0.500 -0.707
0.416 0.572 -0.707
0.321 0.630 -0.707
0.219 0.672 -0.707
0.111 0.698 -0.707
0.000 0.707 -0.707
-0.111 0.698 -0.707
-0.219 0.672 -0.707
-0.321 0.630 -0.707
-0.416 0.572 -0.707
-0.500 0.500 -0.707
-0.572 0.416 -0.707
-0.630 0.321 -0.707
-0.672 0.219 -0.707
-0.698 0.111 -0.707
-0.707 0.000 -0.707
-0.698 -0.111 -0.707
-0.672 -0.219 -0.707
-0.630 -0.321 -0.707
-0.572 -0.416 -0.707
-0.500 -0.500 -0.707
-0.416 -0.572 -0.707
-0.321 -0.630 -0.707
-0.219 -0.672 -0.707
-0.111 -0.698 -0.707
-0.000 -0.707 -0.707
0.111 -0.698 -0.707
0.219 -0.672 -0.707
0.321 -0.630 -0.707
0.416 -0.572 -0.707
0.500 -0.500 -0.707
0.572 -0.416 -0.707
0.630 -0.321 -0.707
0.672 -0.219 -0.707
0.698 -0.111 -0.707
0.588 0.000 -0.809
0.581 0.092 -0.809
0.559 0.182 -0.809
0.524 0.267 -0.809
0.476 0.345 -0.809
0.416 0.416 -0.809
0.345 0.476 -0.809
0.267 0.524 -0.809
0.182 0.559 -0.809
0.092 0.581 -0.809
0.000 0.588 -0.809
-0.092 0.581 -0.809
-0.182 0.559 -0.809
-0.267 0.524 -0.809
-0.345 0.476 -0.809
-0.416 0.416 -0.809
-0.476 0.345 -0.809
-0.524 0.267 -0.809
-0.559 0.182 -0.809
-0.581 0.092 -0.809
-0.588 0.000 -0.809
-0.581 -0.092 -0.809
-0.559 -0.182 -0.809
-0.524 -0.267 -0.809
-0.476 -0.345 -0.809
-0.416 -0.416 -0.809
-0.345 -0.476 -0.809
-0.267 -0.524 -0.809
-0.182 -0.559 -0.809
-0.092 -0.581 -0.809
-0.000 -0.588 -0.809
0.092 -0.581 -0.809
0.182 -0.559 -0.809
0.267 -0.524 -0.809
0.345 -0.476 -0.809
0.416 -0.416 -0.809
0.476 -0.345 -0.809
0.524 -0.267 -0.809
0.559 -0.182 -0.809
0.581 -0.092 -0.809
0.454 0.000 -0.891
0.448 0.071 -0.891
0.432 0.140 -0.891
0.405 0.206 -0.891
0.367 0.267 -0.891
0.321 0.321 -0.891
0.267 0.367 -0.891
0.206 0.405 -0.891
0.140 0.432 -0.891
0.071 0.448 -0.891
0.000 0.454 -0.891
-0.071 0.448 -0.891
-0.140 0.432 -0.891
-0.206 0.405 -0.891
-0.267 0.367 -0.891
-0.321 0.321 -0.891
-0.367 0.267 -0.891
-0.405 0.206 -0.891
-0.432 0.140 -0.891
-0.448 0.071 -0.891
-0.454 0.000 -0.891
-0.448 -0.071 -0.891
-0.432 -0.140 -0.891
-0.405 -0.206 -0.891
-0.367 -0.267 -0.891
-0.321 -0.321 -0.891
-0.267 -0.367 -0.891
-0.206 -0.405 -0.891
-0.140 -0.432 -0.891
-0.071 -0.448 -0.891
-0.000 -0.454 -0.891
0.071 -0.448 -0.891
0.140 -0.432 -0.891
0.206 -0.405 -0.891
0.267 -0.367 -0.891
0.321 -0.321 -0.891
0.367 -0.267 -0.891
0.405 -0.206 -0.891
0.432 -0.140 -0.891
0.448 -0.071 -0.891
0.309 0.000 -0.951
0.305 0.048 -0.951
0.294 0.095 -0.951
0.275 0.140 -0.951
0.250 0.182 -0.951
0.219 0.219 -0.951
0.182 0.250 -0.951
0.140 0.275 -0.951
0.095 0.294 -0.951
0.048 0.305 -0.951
0.000 0.309 -0.951
-0.048 0.305 -0.951
-0.095 0.294 -0.951
-0.140 0.275 -0.951
-0.182 0.250 -0.951
-0.219 0.219 -0.951
-0.250 0.182 -0.951
-0.275 0.140 -0.951
-0.294 0.095 -0.951
-0.305 0.048 -0.951
-0.309 0.000 -0.951
-0.305 -0.048 -0.951
-0.294 -0.095 -0.951
-0.275 -0.140 -0.951
-0.250 -0.182 -0.951
-0.219 -0.219 -0.951
-0.182 -0.250 -0.951
-0.140 -0.275 -0.951
-0.095 -0.294 -0.951
-0.048 -0.305 -0.951
-0.000 -0.309 -0.951
0.048 -0.305 -0.951
0.095 -0.294 -0.951
0.140 -0.275 -0.951
0.182 -0.250 -0.951
0.219 -0.219 -0.951
0.250 -0.182 -0.951
0.275 -0.140 -0.951
0.294 -0.095 -0.951
0.305 -0.048 -0.951
0.156 0.000 -0.988
0.155 0.024 -0.988
0.149 0.048 -0.988
0.139 0.071 -0.988
0.127 0.092 -0.988
0.111 0.111 -0.988
0.092 0.127 -0.988
0.071 0.139 -0.988
0.048 0.149 -0.988
0.024 0.155 -0.988
0.000 0.156 -0.988
-0.024 0.155 -0.988
-0.048 0.149 -0.988
-0.071 0.139 -0.988
-0.092 0.127 -0.988
-0.111 0.111 -0.988
-0.127 0.092 -0.988
-0.139 0.071 -0.988
-0.149 0.048 -0.988
-0.155 0.024 -0.988
-0.156 0.000 -0.988
-0.155 -0.024 -0.988
-0.149 -0.048 -0.988
-0.139 -0.071 -0.988
-0.127 -0.092 -0.988
-0.111 -0.111 -0.988
-0.092 -0.127 -0.988
-0.071 -0.139 -0.988
-0.048 -0.149 -0.988
-0.024 -0.155 -0.988
-0.000 -0.156 -0.988
0.024 -0.155 -0.988
0.048 -0.149 -0.988
0.071 -0.139 -0.988
0.092 -0.127 -0.988
0.111 -0.111 -0.988
0.127 -0.092 -0.988
0.139 -0.071 -0.988
0.149 -0.048 -0.988
0.155 -0.024 -0.988
