 0.000  0.000  1.000
 0.000  0.000 -1.000
 1.000  0.000  1.000
 0.951  0.309  1.000
 0.809  0.588  1.000
 0.588  0.809  1.000
 0.309  0.951  1.000
 0.000  1.000  1.000
-0.309  0.951  1.000
-0.588  0.809  1.000
-0.809  0.588  1.000
-0.951  0.309  1.000
-1.000  0.000  1.000
-0.951 -0.309  1.000
-0.809 -0.588  1.000
-0.588 -0.809  1.000
-0.309 -0.951  1.000
-0.000 -1.000  1.000
 0.309 -0.951  1.000
 0.588 -0.809  1.000
 0.809 -0.588  1.000
 0.951 -0.309  1.000
 1.000  0.000  0.500
 0.951  0.309  0.500
 0.809  0.588  0.500
 0.588  0.809  0.500
 0.309  0.951  0.500
 0.000  1.000  0.500
-0.309  0.951  0.500
-0.588  0.809  0.500
-0.809  0.588  0.500
-0.951  0.309  0.500
-1.000  0.000  0.500
-0.951 -0.309  0.500
-0.809 -0.588  0.500
-0.588 -0.809  0.500
-0.309 -0.951  0.500
-0.000 -1.000  0.500
 0.309 -0.951  0.500
 0.588 -0.809  0.500
 0.809 -0.588  0.500
 0.951 -0.309  0.500
 1.000  0.000  0.000
 0.951  0.309  0.000
 0.809  0.588  0.000
 0.588  0.809  0.000
 0.309  0.951  0.000
 0.000  1.000  0.000
-0.309  0.951  0.000
-0.588  0.809  0.000
-0.809  0.588  0.000
-0.951  0.309  0.000
-1.000  0.000  0.000
-0.951 -0.309  0.000
-0.809 -0.588  0.000
-0.588 -0.809  0.000
-0.309 -0.951  0.000
-0.000 -1.000  0.000
 0.309 -0.951  0.000
 0.588 -0.809  0.000
 0.809 -0.588  0.000
 0.951 -0.309  0.000
 1.000  0.000 -0.500
 0.951  0.309 -0.500
 0.809  0.588 -0.500
 0.588  0.809 -0.500
 0.309  0.951 -0.500
 0.000  1.000 -0.500
-0.309  0.951 -0.500
-0.588  0.809 -0.500
-0.809  0.588 -0.500
-0.951  0.309 -0.500
-1.000  0.000 -0.500
-0.951 -0.309 -0.500
-0.809 -0.588 -0.500
-0.588 -0.809 -0.500
-0.309 -0.951 -0.500
-0.000 -1.000 -0.500
 0.309 -0.951 -0.500
 0.588 -0.809 -0.500
 0.809 -0.588 -0.500
 0.951 -0.309 -0.500
 1.000  0.000 -1.000
 0.951  0.309 -1.000
 0.809  0.588 -1.000
 0.588  0.809 -1.000
 0.309  0.951 -1.000
 0.000  1.000 -1.000
-0.309  0.951 -1.000
-0.588  0.809 -1.000
-0.809  0.588 -1.000
-0.951  0.309 -1.000
-1.000  0.000 -1.000
-0.951 -0.309 -1.000
-0.809 -0.588 -1.000
-0.588 -0.809 -1.000
-0.309 -0.951 -1.000
-0.000 -1.000 -1.000
 0.309 -0.951 -1.000
 0.588 -0.809 -1.000
 0.809 -0.588 -1.000
 0.951 -0.309 -1.000
