  0   2   3
  1  83  82
  0   3   4
  1  84  83
  0   4   5
  1  85  84
  0   5   6
  1  86  85
  0   6   7
  1  87  86
  0   7   8
  1  88  87
  0   8   9
  1  89  88
  0   9  10
  1  90  89
  0  10  11
  1  91  90
  0  11  12
  1  92  91
  0  12  13
  1  93  92
  0  13  14
  1  94  93
  0  14  15
  1  95  94
  0  15  16
  1  96  95
  0  16  17
  1  97  96
  0  17  18
  1  98  97
  0  18  19
  1  99  98
  0  19  20
  1 100  99
  0  20  21
  1 101 100
  0  21   2
  1  82 101
 22   3   2
 22  23   3
 23   4   3
 23  24   4
 24   5   4
 24  25   5
 25   6   5
 25  26   6
 26   7   6
 26  27   7
 27   8   7
 27  28   8
 28   9   8
 28  29   9
 29  10   9
 29  30  10
 30  11  10
 30  31  11
 31  12  11
 31  32  12
 32  13  12
 32  33  13
 33  14  13
 33  34  14
 34  15  14
 34  35  15
 35  16  15
 35  36  16
 36  17  16
 36  37  17
 37  18  17
 37  38  18
 38  19  18
 38  39  19
 39  20  19
 39  40  20
 40  21  20
 40  41  21
 41   2  21
 41  22   2
 42  23  22
 42  43  23
 43  24  23
 43  44  24
 44  25  24
 44  45  25
 45  26  25
 45  46  26
 46  27  26
 46  47  27
 47  28  27
 47  48  28
 48  29  28
 48  49  29
 49  30  29
 49  50  30
 50  31  30
 50  51  31
 51  32  31
 51  52  32
 52  33  32
 52  53  33
 53  34  33
 53  54  34
 54  35  34
 54  55  35
 55  36  35
 55  56  36
 56  37  36
 56  57  37
 57  38  37
 57  58  38
 58  39  38
 58  59  39
 59  40  39
 59  60  40
 60  41  40
 60  61  41
 61  22  41
 61  42  22
 62  43  42
 62  63  43
 63  44  43
 63  64  44
 64  45  44
 64  65  45
 65  46  45
 65  66  46
 66  47  46
 66  67  47
 67  48  47
 67  68  48
 68  49  48
 68  69  49
 69  50  49
 69  70  50
 70  51  50
 70  71  51
 71  52  51
 71  72  52
 72  53  52
 72  73  53
 73  54  53
 73  74  54
 74  55  54
 74  75  55
 75  56  55
 75  76  56
 76  57  56
 76  77  57
 77  58  57
 77  78  58
 78  59  58
 78  79  59
 79  60  59
 79  80  60
 80  61  60
 80  81  61
 81  42  61
 81  62  42
 82  63  62
 82  83  63
 83  64  63
 83  84  64
 84  65  64
 84  85  65
 85  66  65
 85  86  66
 86  67  66
 86  87  67
 87  68  67
 87  88  68
 88  69  68
 88  89  69
 89  70  69
 89  90  70
 90  71  70
 90  91  71
 91  72  71
 91  92  72
 92  73  72
 92  93  73
 93  74  73
 93  94  74
 94  75  74
 94  95  75
 95  76  75
 95  96  76
 96  77  76
 96  97  77
 97  78  77
 97  98  78
 98  79  78
 98  99  79
 99  80  79
 99 100  80
100  81  80
100 101  81
101  62  81
101  82  62
